25.0 25.0 100.0 40 60.0 Just_for_fun 79 2 n
24.0 24.0 100.0 69 31.0 Movies 79 2 n
25.0 25.0 100.0 91 9.0 Movies 79 2 n
13.0 15.0 86.6666666667 77 9.66666666667 Movies 79 1 n
11.0 20.0 55.0 75 -20.0 History 79 2 n
17.0 18.0 94.4444444444 87 7.44444444444 Movies 79 3 n
14.0 20.0 70.0 56 14.0 Entertainment 79 3 n
21.0 25.0 84.0 69 15.0 Entertainment 79 2 n
10.0 14.0 71.4285714286 71 0.428571428571 Television 77 2 n
16.0 20.0 80.0 66 14.0 Just_for_fun 77 2 n
10.0 10.0 100.0 87 13.0 Miscellaneous 79 1 n
15.0 20.0 75.0 56 19.0 Gaming 77 2 n
22.0 22.0 100.0 90 10.0 Miscellaneous 77 2 n
13.0 15.0 86.6666666667 80 6.66666666667 Music 77 2 n
10.0 10.0 100.0 86 14.0 Language 77 2 n
6.0 8.0 75.0 62 13.0 Movies 77 2 n
19.0 20.0 95.0 76 19.0 Entertainment 77 2 n
7.0 8.0 87.5 75 12.5 Movies 77 2 n
12.0 16.0 75.0 67 8.0 Geography 77 2 y
4.0 4.0 100.0 94 6.0 Music 77 2 n
11.0 11.0 100.0 46 54.0 Science 79 1 n
22.0 25.0 88.0 77 11.0 Language 77 2 n
17.0 20.0 85.0 73 12.0 Entertainment 77 2 n
24.0 25.0 96.0 90 6.0 Holiday 77 2 n
9.0 31.0 29.0322580645 37 -7.96774193548 Geography 77 2 n
17.0 20.0 85.0 76 9.0 Just_for_fun 77 2 n
21.0 25.0 84.0 81 3.0 Television 77 2 n
19.0 20.0 95.0 72 23.0 Language 77 2 n
19.0 20.0 95.0 75 20.0 Just_for_fun 77 2 n
10.0 24.0 41.6666666667 57 -15.3333333333 Movies 77 2 n
23.0 30.0 76.6666666667 77 -0.333333333333 Just_for_fun 77 2 n
17.0 35.0 48.5714285714 41 7.57142857143 Movies 77 2 n
29.0 60.0 48.3333333333 47 1.33333333333 Miscellaneous 77 2 n
10.0 13.0 76.9230769230769 80.0 -3.07692307692307 Miscellaneous 77 2 n
19.0 20.0 95.0	87.0 8.0 Movies 78 2 n
14.0 20.0 70.0 55.0 15.0 Entertainment 78 3 n
19.0 24.0 79.1666666666667 67.0 12.1666666666667 Movies 78 2 n
24.0 24.0 100.0 84.0 16.0 Entertainment 78 2 n
43.0 48.0 89.5833333333333 75.0 14.5833333333333 Movies 78 2 n	
21.0 40.0 52.5 43.0 9.5 Miscellaneous 78 2 n	
9.0 16.0 56.25 62.0 -5.75 Movies 78 2 n	
20.0 21.0 95.2380952380952 68.0 27.2380952380952 Miscellaneous 78 2 n	
32.0 33.0 96.969696969697 88.0 8.96969696969697 Music 78 2 n
86.0 95.0 90.5263157894737 58.0 32.5263157894737 Miscellaneous 78 3 n	
23.0 26.0 88.4615384615385 81.0 7.46153846153845 Language 78 3 n	
9.0 20.0 45.0 56.0 -11.0 Language 78 2 n	
20.0 20.0 100.0 75.0 25.0 Science 78 3 n
18.0 20.0 90.0 81.0 9.0 Entertainment 78 3 n
